I  1 0 423
I  1 0 376
I  3 0 443
I  2 0 413
I  2 0 503
C  3 0 453
I  3 0 426
I  2 0 407
I  2 0 445
C  2 0 432
C  3 0 503
I  2 0 496
C  2 0 478
I  2 0 428
C  1 0 396
C  2 0 462
I  1 0 407
I  4 0 430
C  2 0 487
C  3 0 422
C  3 0 412
C  1 0 395
I  2 0 413
C  3 0 475
C  1 0 412
I  3 0 494
I  4 0 465
C  1 0 348
I  3 0 416
C  2 0 382
I  1 0 450
I  2 0 437
C  2 0 448
I  3 0 419
I  1 0 479
C  2 0 361
C  2 0 460
I  3 0 446
I  2 0 405
C  2 0 480
I  3 0 438
I  1 0 456
C  1 0 461
I  3 0 468
I  4 0 481
I  3 0 468
I  1 0 518
I  2 0 433
I  2 0 469
I  3 0 433
I  2 0 425
I  3 0 412
I  1 0 377
C  2 0 468
C  1 0 494
I  2 0 441
I  2 0 483
I  2 0 480
C  2 0 423
C  3 0 418
I  3 0 442
I  3 0 478
C  2 0 428
I  2 0 428
C  2 0 469
I  2 0 497
I  2 0 423
C  2 0 427
I  2 0 485
I  2 0 463
C  2 0 487
C  2 0 476
I  2 0 399
I  3 0 477
I  2 0 459
C  2 0 426
I  3 0 487
C  2 0 455
C  2 0 409
I  3 0 498
I  2 0 536
I  4 0 453
I  2 0 439
I  2 0 332
C  1 0 468
I  2 0 431
I  3 0 430
C  2 0 459
C  3 0 447
C  1 0 366
C  2 0 471
I  3 0 421
I  3 0 458
I  3 0 505
C  2 0 442
I  2 0 405
I  1 0 386
C  1 0 371
I  2 0 523
C  2 0 410
